2024_01_01_13_12_13 0000002370 l 191.94672231470662 -190.40350010151434 -6.382560434724245 0.20146931216205868 0.6138978354673185 -0.34022948946583853 0.6832155284851941
2024_01_01_13_12_13 0000002371 l 192.0876764191704 -190.49737436280367 -6.369912603744175 0.2021427364192724 0.623595099079535 -0.34978520059128 0.6692665985720725
2024_01_01_13_12_13 0000002372 l 192.17722596944301 -190.52618886773703 -6.375491914012705 0.21163821449625098 0.643052034634378 -0.34132787058246356 0.6520648983660036
2024_01_01_13_12_13 0000002373 l 192.30883758847864 -190.59407655378482 -6.398248612326424 0.23992639834912538 0.649296503246801 -0.3377198151378343 0.63780459445661
2024_01_01_13_12_13 0000002374 l 192.46299668411424 -190.69188846448972 -6.423734157760894 0.2726326682299291 0.6492804028192366 -0.3203575672144433 0.6336224552974449
2024_01_01_13_12_13 0000002375 l 192.5799869004009 -190.72960560759066 -6.432476032699144 0.300020898676378 0.6545833990564666 -0.29868789673517543 0.6263334370612975
2024_01_01_13_12_13 0000002376 l 192.69458510641647 -190.76018548189586 -6.412863551501898 0.31698243955726235 0.6476055938694543 -0.2880152163899011 0.6302192974903231
2024_01_01_13_12_13 0000002377 l 192.80566995739179 -190.79647480312798 -6.383699665837766 0.27976238341791765 0.6557690829938502 -0.28782024303074777 0.6394211650512144
2024_01_01_13_12_13 0000002378 l 192.928851497783 -190.86167289997144 -6.370533419670703 0.28176135689811216 0.6447513967702391 -0.312575487784018 0.6381243911325938
2024_01_01_13_12_13 0000002379 l 193.06470020501163 -190.95125147037263 -6.374144892603447 0.2800723613556207 0.6359254074604443 -0.3208809100286407 0.6435788919240172
2024_01_01_13_12_13 0000002380 l 193.11581106435634 -190.94955364689204 -6.37996495870397 0.274222678237432 0.629163081904033 -0.315638339772633 0.6552313923911802
2024_01_01_13_12_13 0000002381 l 193.23419783331684 -191.00274652244553 -6.389277096397936 0.270545830955876 0.6294803333399043 -0.3147713557854524 0.6568701978836199
2024_01_01_13_12_13 0000002382 l 193.35075125560073 -191.04221945812867 -6.390085954225908 0.27081444374799457 0.6344955813165843 -0.30581567785642755 0.6561643586209233